[gd_scene load_steps=7 format=3 uid="uid://c8ymlyastaxar"]

[ext_resource type="PackedScene" uid="uid://dmb0snajusg53" path="res://assets/models/rumah.tscn" id="1_umke7"]
[ext_resource type="PackedScene" uid="uid://ckeubiowqdjb6" path="res://scenes/player/player.tscn" id="2_4cd7r"]
[ext_resource type="PackedScene" uid="uid://d0nxgvalr64lh" path="res://scenes/objects/interactive_object.tscn" id="3_75b37"]

[sub_resource type="StandardMaterial3D" id="StandardMaterial3D_jh644"]
albedo_color = Color(0.31802, 0.31802, 0.31802, 1)

[sub_resource type="PlaneMesh" id="PlaneMesh_wgajw"]
material = SubResource("StandardMaterial3D_jh644")
size = Vector2(50, 50)

[sub_resource type="BoxShape3D" id="BoxShape3D_hfc5y"]
size = Vector3(50, 1, 50)

[node name="MainMap" type="Node3D"]

[node name="Player" parent="." instance=ExtResource("2_4cd7r")]

[node name="Floor" type="StaticBody3D" parent="."]
transform = Transform3D(1, 0, 0, 0, 1, 0, 0, 0, 0.543079, 0, 0, 0)

[node name="MeshInstance3D" type="MeshInstance3D" parent="Floor"]
mesh = SubResource("PlaneMesh_wgajw")

[node name="CollisionShape3D" type="CollisionShape3D" parent="Floor"]
transform = Transform3D(1, 0, 0, 0, 1, 0, 0, 0, 1, 0, -0.5, 0)
shape = SubResource("BoxShape3D_hfc5y")

[node name="DirectionalLight3D" type="DirectionalLight3D" parent="."]
transform = Transform3D(-0.0355814, -0.669027, 0.742386, -0.0320286, 0.743238, 0.66826, -0.998854, 0, -0.0478735, 38.0101, 31.702, 0)

[node name="DirectionalLight3D2" type="DirectionalLight3D" parent="."]
transform = Transform3D(0.0569624, 0.668873, -0.741191, -0.0320287, 0.743238, 0.66826, 0.997863, -0.0143263, 0.0637597, -54.6905, 31.702, 0)

[node name="rumah" parent="." instance=ExtResource("1_umke7")]
transform = Transform3D(0.99706, 0, -0.0766321, 0, 1, 0, 0.0766321, 0, 0.99706, 0, 0, -22.3005)

[node name="InteractiveObject" parent="." instance=ExtResource("3_75b37")]
transform = Transform3D(1, 0, 0, 0, 1, 0, 0, 0, 1, -3.0043, 0.666288, -24.386)
